"","PTC","PTN","CVBFAvg","logKSb","p"
"1",16.1493889881575,-30.4929572573625,10.7909402955829,15.1591749219779,0.807770828281222
"2",3.13482455924925,-34.957381603308,1.54392774466074,3.48415482932251,0.467230455151439
"3",-8.39858095963532,-42.9200767797543,-10.8572973671165,0.0308860351553358,0.111194315777797
"4",31.8113464338046,-7.18428547718239,16.8273422885403,30.7851934964145,0.929626237172537
"5",11.5522302281968,-34.7394872900646,4.2892389353759,13.5146455002064,0.775325143329106
"6",14.7537834833527,-16.7992022662156,7.24721262736872,19.1676764142408,0.822650340582889
"7",-4.38935800906091,-50.5240863621481,-15.2490777444343,0.173545700506605,0.0869660317436365
"8",12.5439094655317,-28.209573169227,8.51161588635486,10.4810984257277,0.514761295527321
"9",47.7775112797614,9.79581956828676,26.2109994756472,Inf,0.991475106034818
"10",22.3832568212329,-13.0743591519953,10.1780829830371,27.3358441284005,0.857470654509112
"11",2.72931731392984,-37.8934274053972,0.120003477501056,1.25392357402708,0.404282516035458
"12",9.2820448862214,-27.9665259097821,-4.23440162185016,9.09332912591162,0.595325510518967
"13",25.5636805479754,-17.6015700799728,12.8315362951616,27.8902024345993,0.990132464793826
"14",-2.35018600724239,-36.673275859406,-5.57364329246664,0.506795107112065,0.367383127824879
"15",2.8231532531721,-35.6465529086519,2.74777313526828,3.94228292162917,0.378603072298166
"16",9.61255439550278,-32.7244134518401,0.0894998924395471,10.4810984257277,0.480117177139442
"17",1.05635791211841,-45.6199721370152,-2.27685822255051,0.72531031560872,0.335882656568674
"18",2.07738626030194,-50.3797296828997,5.58587682411086,0.321779830544484,0.0602674405215636
"19",-3.11566231926938,-39.5638095025371,-2.56572709778087,1.25392357402708,0.151656318156636
"20",22.5829648513022,-6.28282804563888,10.3529254014813,19.1676764142408,0.891259646928536
"21",-4.64237458972413,-46.8644980998829,-6.51045899007108,0.00819468472626163,0.123804310829439
"22",27.5806787582704,-14.3895329197634,14.5605928770728,27.3358441284005,0.998507346840154
"23",-3.45192640598958,-48.7512664763873,0.379640772523832,0.409920551378135,0.254559378050965
"24",-5.38160765499807,-45.4468658212457,-4.07313275115785,0.0308860351553358,0.139911917089412
"25",-2.82145485410052,-47.4428534023307,-5.68043148237719,0,0.01536746788899
"26",20.0032690932021,-12.938422571616,4.58743709504564,21.0853865387432,0.662898160247943
"27",-2.57084174970025,-44.1642027853125,-10.6002822978427,0.612030896361093,0.353176051846696
"28",11.9696795108141,-31.3485137758796,9.19599999780397,15.5835270627977,0.76419446704331
"29",-5.24812261110772,-48.6790140717511,-4.02267127120525,0,0.028008961753574
"30",35.2889999066919,-4.55553957133527,17.8274861567409,29.5685120386058,0.918798961862542
"31",23.7014440095903,-17.1809809782545,11.7654343148064,22.5783683784868,0.990598656271608
"32",26.1194496494574,-17.7983606984737,12.1263063741593,27.3358441284005,0.841724572535287
"33",-2.79313994753358,-46.4630915830562,-6.17108130719126,0,0.00730660926130099
"34",4.83000220227064,-42.0140058152755,2.15675995719288,2.63988288346137,0.355982140011656
"35",6.42367223707831,-29.8617143002588,-0.478100066350908,7.79260431645197,0.534807358174174
"36",14.2861879501078,-24.8124919349223,9.81800233945222,16.8882002167613,0.666091200008601
"37",-4.56556047464635,-42.7128697494235,-9.36509254725096,2.44413296536565,0.324153138035999
"38",1.57540641507679,-42.9707860920339,-0.549178136807647,5.18977200439647,0.414919210998632
"39",36.3185288540434,-6.66489206844297,11.0557221545807,32.1330215767066,0.961639640341435
"40",0.071037303063008,-42.9684859142995,-2.09605207542018,2.84182091700704,0.308815185697318
"41",-3.11169861526049,-46.1373014041309,-5.28709364010892,0.321779830544484,0.217851841394645
"42",-0.0412434667951231,-41.566646129819,-4.4835166026425,2.44413296536565,0.420396369161986
"43",-2.49961514514232,-45.3487925744716,-11.0319074557111,1.25392357402708,0.269097276506051
"44",-5.68031784378235,-43.5699901419907,-7.54091434734147,0.066752896920392,2.86575679778006e-05
"45",30.2809193568156,-7.64277556519745,13.6086857684103,30.1118489431508,0.944798050046246
"46",-7.40212782598577,-48.9252163893295,-9.97741626097412,0,0.146872035219031
"47",14.099653735543,-27.5174823926229,2.88736310041491,14.3263197298551,0.779187490758556
"48",27.1615148895011,-13.1559345865934,6.38602522038141,22.5783683784868,0.832004038811736
"49",14.4598210552482,-28.9222637930498,5.05021018059937,13.1167706760445,0.719726882845949
"50",26.216697681025,-8.65905523992057,10.1459636878143,25.7039430609697,0.865033386656775
"51",-3.44730844067072,-50.8181916596325,-3.84086331750521,0.173545700506605,0.00308549304097003
"52",-0.264558730969142,-44.3205085366218,1.98494125165765,4.18018072480104,0.467142408363256
"53",22.6714522230237,-12.9506616137887,9.13957826864358,23.0864088819418,0.994865289036657
"54",-2.26938745520619,-43.7019388057027,-0.603032766125595,0.242813383263338,0.104199132701101
"55",1.24961088904657,-50.8645135338771,-2.83312638900833,0.242813383263338,0.286094307480823
"56",18.3629725799361,-27.6701509797728,10.613093398465,13.1167706760445,0.624604670762758
"57",22.231739650092,-16.5940535845138,11.9279457310193,22.0755030178859,0.815367006614044
"58",1.42900917362143,-38.4458712849605,-5.9832259418687,1.56087879184431,0.368589863411615
"59",-7.20342168509212,-50.8405020847712,-6.15254904506337,0,0.00779805433993194
"60",-1.77401376599098,-45.1274377392912,-3.52200008231402,0,0.0846389795378402
"61",-3.26244035011005,-48.8904513909614,-10.5861021687774,0.0308860351553358,0.254468520563052
"62",-4.44859583575382,-53.2591853722922,-5.53126211267371,0,0.0186470848392866
"63",-0.711143546409957,-45.4920931750465,-2.41123266054825,0.612030896361093,0.311393753078833
"64",-6.11624696349502,-45.5244599979269,-8.00730341390743,0,0.209937547035201
"65",15.3790738554785,-31.8997593616008,10.382334472505,12.3369873354434,0.596969755554184
"66",4.65549095214515,-32.2024028731692,0.26964312238299,8.1095742407201,0.552657911491164
"67",-0.987269542346525,-51.8766491410078,-1.57725334909181,0.242813383263338,0.000621532015774806
"68",31.3795261714683,-11.4562419232271,17.6859663169891,30.1118489431508,0.999208984147468
"69",-2.05677777581413,-42.8516061944311,-2.77158848924212,0.0308860351553358,0.18403685995582
"70",4.93878804838917,-38.1212725534019,1.22998057056062,6.29064126696229,0.625640750380906
"71",13.6112551426823,-31.1738198923411,7.37111299304836,15.1591749219779,0.582430676009526
"72",0.573516038059367,-49.0948476039775,-2.60925245995959,0.066752896920392,0.181234527470557
"73",1.79920968591481,-51.4382587747146,-6.67053599628713,0.173545700506605,0.193176321842388
"74",17.4273200396928,-24.7771931582149,7.06529943937027,16.4480461522737,0.776209326705962
"75",36.4652147630046,-4.89742458202491,14.1257694943192,30.7851934964145,0.991348894855865
"76",-1.18566951481773,-42.8115183423646,-9.08829361842922,3.48415482932251,0.372640851398808
"77",10.2253474925145,-36.1935845294184,3.58762928839343,9.43214558211854,0.589422036391198
"78",-8.14526913696753,-47.1355285766796,-5.77087575400814,0,0.0554006314713584
"79",1.6829420723676,-37.9232805038164,-1.20695634971427,3.2640128312741,0.398684273420165
"80",-0.786538093256617,-47.1098015846605,-8.76061629525382,0.846360595750931,0.350482390240731
"81",0.361274545199443,-42.8813384132514,-3.51473584910019,0.846360595750931,0.222319009988202
"82",42.308789167677,-1.41394805381506,23.0526778971439,31.4589225911174,0.999827748471201
"83",-2.8773119485223,-47.6177193504593,-9.31725138266865,0.114605780763685,0.0312565115990519
"84",-1.70537304610905,-44.0717622427427,-6.45689474595586,0,0.0789570777705694
"85",13.6534824214514,-27.5949055657142,-1.7449160568302,12.7242150605859,0.716444602602858
"86",8.2590456474839,-34.6046370275655,1.0888041775698,12.3369873354434,0.674293819376385
"87",23.7422674148846,-12.0864701019154,11.1352507664538,25.1704192043494,0.602680837207514
"88",27.2000398118023,-12.4640808012532,14.1907058736165,24.1180494502952,0.831204282656966
"89",-1.37627152777854,-41.0090811547912,-5.43824032811675,0.846360595750931,0.284632087124151
"90",36.0371322468363,-4.12646425681756,13.3712869511515,Inf,0.994809571464144
"91",-3.01054950460586,-45.5806570813706,-13.4815559141943,0,0.00304337599879584
"92",-3.52991042701541,-50.6882996215888,-5.19492924271735,0.72531031560872,0.319413999591589
"93",19.4462327881945,-27.5533123737573,1.88180642944898,17.3336089965315,0.737552888786115
"94",-0.0395239209316074,-43.679612135815,-4.66541953307725,1.56087879184431,0.261038161940729
"95",38.4126592362624,-5.44372904833656,16.3223663534214,Inf,0.899286027049442
"96",31.4929754567031,-15.4778703190486,11.8645673287172,27.3358441284005,0.939615702382505
"97",36.6689282103865,-3.04770050357474,18.119042666193,Inf,0.990047060742474
"98",3.42430522278138,-40.8432151539811,-1.37414936637719,3.04988364837497,0.328718886403434
"99",24.9489923266241,-19.0344554179366,12.2965496047388,27.3358441284005,0.900343939386528
"100",29.9924663588471,-14.005226348442,19.2353519836664,27.3358441284005,0.838835599425757
"101",-5.65849735721299,-47.6130592134318,-6.05777434325599,0,0.0685085056115292
"102",-3.31391661084383,-52.4173393697141,-6.55543384462011,0,0.0298997716192564
"103",1.38962322329264,-38.537975616402,0.543144346038306,4.67344620440684,0.359271102663174
"104",2.99702045665994,-41.424372997396,-4.35766783042493,4.92874285820236,0.505832908581265
"105",16.7026699669294,-30.8412433545098,7.5355569539518,16.4480461522737,0.840135306592333
"106",0.500242054760271,-43.9054786700222,-6.4291621127097,0.066752896920392,0.0224143160132102
"107",25.0268839156459,-13.8234991649268,14.5994708630748,27.8902024345993,0.994550309461419
"108",37.0000786273578,-3.21468344399481,18.6550066179535,Inf,0.992052054859596
"109",5.84622146288095,-30.4137013448174,-0.441399718416907,7.17518595582327,0.423275288891671
"110",3.4940145941444,-38.2859226677769,1.87524896071911,4.67344620440684,0.304975392680319
"111",-6.68668083174586,-48.6603963653376,-9.97427815208271,0.066752896920392,0.169938429638544
"112",27.7904406193235,-9.75253675878425,10.4328720727403,27.3358441284005,0.935468706893887
"113",-0.197876950587982,-43.1688779087814,0.881209544290293,1.25392357402708,0.0488898435144729
"114",24.7453863113689,-20.4712550510191,5.02792245306651,21.0853865387432,0.756467811488547
"115",-3.83530483239454,-47.2592925575177,-6.93408156064606,0,0.0152324508254933
"116",-3.87147585136068,-56.3775375014811,-8.8682759629547,0,0.00214369540717044
"117",0.138049736415297,-42.2755667336835,-0.801357402497198,3.94228292162917,0.473426780687068
"118",-5.44223635545443,-47.0965329934414,-7.4412574885716,0,0.0893148434187887
"119",22.4249134972778,-16.1184262599944,9.89289099615811,19.6392744403246,0.959502308406256
"120",-4.19871511661058,-48.5343064658534,-7.36576420386032,0.066752896920392,0.0679570647510663
"121",3.51810148250365,-33.1241365253405,-0.373086681183433,4.92874285820236,0.420004117856131
"122",12.1853317644335,-31.1974283997991,4.96643134566718,8.75995208753977,0.52297396151469
"123",31.3077675264442,-8.12634426009833,20.664443388386,27.3358441284005,0.965486346625507
"124",-5.7892688394146,-48.5230772139107,-6.83098658111176,0.173545700506605,0.270075926386967
"125",-3.44609013939532,-45.6696526990862,-11.4288974576969,0.974945749747892,0.396840904013451
"126",25.5968592297738,-9.83504061405291,10.0665835839263,25.7039430609697,0.974052387532338
"127",2.03723421042352,-38.534644736334,0.402997302648676,3.2640128312741,0.355654013290858
"128",-4.38259525349127,-45.3018863840768,-3.77977492393384,0.409920551378135,0.0446116848132161
"129",18.8754848984773,-16.058728983895,5.08048507313159,20.1160943283512,0.722054711768998
"130",17.055514448943,-23.4422856507055,6.6040870003894,20.1160943283512,0.727210515012171
"131",-3.23523947811923,-45.2765573703864,-3.08945678990289,0.409920551378135,0.211905970125435
"132",-1.22064466480727,-45.9711434056447,-2.48984608900716,0.612030896361093,0.183095825205359
"133",5.49472382912466,-35.5497082132978,4.0275218950364,8.1095742407201,0.497524160235833
"134",-3.2898479138917,-47.2851379835591,-4.73372607742924,0.321779830544484,0.238409771691995
"135",35.930891429411,-6.94688315310653,20.0719208528937,Inf,0.92499431667661
"136",8.28588431211832,-29.9677235748804,4.23795283592057,11.9550965634525,0.638080293578799
"137",27.0002862099179,0.623006689833666,11.9243212329869,27.8902024345993,0.936206237907958
"138",31.0495308984157,-12.2387934683792,17.1911522829789,26.2429062434329,0.983298066402296
"139",0.172833252639514,-36.8347294749789,-6.8090769796407,7.17518595582327,0.322660340844338
"140",13.5655862680988,-21.9912872288869,3.74133686712153,15.1591749219779,0.644884063232603
"141",-3.44708082408143,-55.6548164228593,-5.16387700393405,0,0.00232904005438202
"142",-3.45056521216695,-46.9769415964846,-7.59513656738048,0,0.00517834399197251
"143",-2.06500584452613,-49.1218597284173,-8.20976604606644,0.00819468472626163,0.165224905811896
"144",4.25598074579366,-31.9891182658951,-1.02748292609773,6.00696389045377,0.461398844432381
"145",27.2171944917401,-13.7015714879495,11.4523311786477,25.7039430609697,0.842853087873116
"146",-5.19976573529282,-50.0711434332442,-2.58052495652275,0,0.0626147637633312
"147",24.4519069633909,-18.9105272906351,14.2045927513527,25.1704192043494,0.761498884641889
"148",33.9197464726499,-14.1260031557551,21.0858157504577,29.5685120386058,0.980840690518748
"149",29.0502576486088,-9.1035457939014,13.7172916662173,30.1118489431508,0.910747679608242
"150",-1.19347925643125,-45.3220270374067,-0.4694340583092,0.506795107112065,0.246024280292832
"151",-7.00570950779868,-47.8486230854059,-2.89828396220274,0,0.201765150468641
"152",-1.89417179419527,-40.421634359791,-4.37538898926441,0.974945749747892,0.387388050707652
"153",-3.37517979217591,-41.2786660461606,-6.36257177465814,0.846360595750931,0.249450570335281
"154",20.9925562798578,-17.273282871181,9.93697715469436,19.1676764142408,0.956484015253503
"155",-5.75076140673846,-50.3581528593284,-8.89362499891093,0,0.0455155291217952
"156",-3.56788490025811,-51.6202457723255,-8.5887090044178,0.0308860351553358,0.0841130952855343
"157",8.05879156375284,-25.4698240157085,1.74329601140332,14.7401034409728,0.67836613158047
"158",32.4424928133427,-8.67636518552023,16.6777435308334,29.005844382066,0.895344805744906
"159",2.69682361526772,-41.820075718264,-4.37709303172642,6.57991853861685,0.560555230851231
"160",-1.4817793785172,-47.0048809000986,-7.73003573663897,0.173545700506605,0.377950544797356
"161",0.683428847683928,-40.1446590999927,-1.51139405726775,5.72890975803762,0.574886564395441
"162",28.5864879510552,-20.8809314196972,16.1056281400802,22.5783683784868,0.887171304033979
"163",7.82949269843955,-32.0203036816435,1.42824813207186,9.43214558211854,0.63824336895649
"164",-2.07740259607812,-43.0161389110879,-7.49923354615964,4.91666704344628e-06,0.0668926734520547
"165",8.58306786118025,-30.2641371656793,1.47970422776088,10.8415425815422,0.60914060894127
"166",23.5004524705006,-17.4637884428728,11.4801803745257,20.5981305074246,0.997056077635569
"167",4.90179544955204,-42.2224196855013,-1.57098454503609,7.48113568925899,0.535719040811674
"168",25.4097609370496,-13.8112042642278,11.6406180675345,24.1180494502952,0.836146615043535
"169",26.626978655152,-19.2794449311821,12.0777479442884,21.5778476455873,0.817684427883261
"170",40.5186126940944,5.61419830880915,14.9955088502209,Inf,0.997352542312913
"171",-7.87990527844417,-45.161284607448,-5.54665865368903,0,0.0974554351808314
"172",1.33831701896977,-39.2185232154931,-1.0056171816612,5.18977200439647,0.490073472685278
"173",30.1696585716399,-12.7120002507159,10.0190044423228,31.4589225911174,0.995097219532093
"174",1.16777262662425,-51.3588130956249,-5.4160982796882,0.00819468472626163,0.160998352981404
"175",-0.0756896485215677,-49.9518577875219,-9.48953215597392,0,0.0583726227737368
"176",30.375704768747,-6.97062826471053,13.569871765455,26.7861159267612,0.84517567717796
"177",14.260082020789,-25.6895625972593,5.09215474352045,18.2401671203401,0.944378710659758
"178",31.3356558134291,-9.32173240933896,12.4646855503175,26.2429062434329,0.938644897446186
"179",21.6042116325055,-18.9290027127959,6.36081335922681,22.5783683784868,0.879703695571127
"180",-6.79710059122651,-46.4496876000702,-6.78706317420709,0.0308860351553358,0.253172174155765
"181",-4.42498845349915,-49.166183346745,-5.18382080411163,0.321779830544484,0.220355765960027
"182",31.8060482403941,-13.1418181300497,19.6454294076102,23.5996513360988,0.954167124034003
"183",22.0334282904473,-15.3164283996302,15.946980744493,21.0853865387432,0.932882468002064
"184",1.82543898463558,-49.7179233458812,-0.553244318899836,0,0.085671425386535
"185",4.94416986590681,-38.0312238143461,-3.78846663888117,7.79260431645197,0.528927051506731
"186",4.81690399473765,-37.712779729527,-3.77752654140497,6.87477369387412,0.539320282582968
"187",2.54399305957468,-40.825815799336,1.85464550795015,4.18018072480104,0.412608600342293
"188",-7.7614604719159,-45.7033287163004,-9.43782898356623,0,0.172808567748566
"189",-5.80727246064416,-50.9148979903823,-11.0061644565113,0,0.18084274367135
"190",0.249854884691082,-37.1179659066376,-8.77621636332963,4.67344620440684,0.41227877676652
"191",32.37196623257,-1.03756779395134,9.61221436331421,32.1330215767066,0.973362340493073
"192",14.4290399795752,-22.8476792329452,2.08168769314459,12.7242150605859,0.590541746188339
"193",-2.15812750846032,-43.7566182227652,-6.53612134896633,1.72450350480433,0.132342877030407
"194",-0.0132811317276449,-49.5107856929622,-5.64597553655574,0,0.0460772108281533
"195",20.6413707582663,-14.6924922019137,11.3921940955209,21.0853865387432,0.760601856753482
"196",-2.39488602646067,-44.1100838114845,0.967550017920447,0.321779830544484,0.123710764082339
"197",30.1516787697884,-16.2568766908499,8.06850924071978,26.7861159267612,0.88279649668307
"198",-0.279336440704945,-47.1035328094966,-3.10610928457831,1.40397683823761,0.321959554456474
"199",-5.49452955472579,-49.0585683872708,-10.4821314197358,0,0.0281757951547285
"200",38.4174805532392,-3.0038693048057,14.6341276875747,Inf,0.990180691610516
"201",12.8061172385013,-24.9666444148209,2.956336221058,11.9550965634525,0.758912713532078
"202",-1.75557316889511,-47.2495012170161,-4.43926396862522,0,0.000370821085091878
"203",-5.98498754918111,-53.2001972616948,-9.63469045270931,0,0.000946583552386081
"204",-0.644481843957315,-50.48576140857,-2.02466475401449,0.846360595750931,0.397261026119625
"205",-4.14435093531198,-45.4533974783579,-1.11202716548591,1.40397683823761,0.374280683097572
"206",-1.5988468477885,-45.2015979372152,-4.16538004211626,0,0.0815997546291292
"207",-6.3588858785651,-46.0398966816274,-11.7038172269835,0.00819468472626163,0.0863742317264715
"208",-4.20055250085964,-48.5198024016036,-9.35959863968434,0,0.0551595135009239
"209",20.5489224031341,-13.6755130904065,8.40645411407423,21.0853865387432,0.815729385407321
"210",7.25944593651993,-30.8875406558139,-1.78333564085241,10.8415425815422,0.667059771614318
"211",21.4773236596914,-26.2271662121264,10.3651225316577,19.6392744403246,0.908625154417503
"212",11.0732395237018,-30.8451514239147,-3.53093666161995,10.4810984257277,0.678888803510323
"213",18.2829486188406,-18.9215140944408,7.23259009444147,16.8882002167613,0.80039817331896
"214",24.1436670088901,-9.28570992911124,10.7055786465799,29.5685120386058,0.869053313761994
"215",-3.85260040711285,-52.185989041312,-4.12784061588698,0.0308860351553358,0.188381176061548
"216",-6.58100235872524,-53.992252072272,-9.4626256175201,0,0.0277984539765957
"217",27.3873643811049,-11.556583459287,4.50725557468794,30.1118489431508,0.939009455063453
"218",10.5356114167252,-26.7801299859508,3.44760127451521,10.1260429073501,0.649354118691326
"219",-3.87154843824064,-51.0689361970008,-8.79359793085643,0,0.0235642598957439
"220",-4.47904473132603,-53.8591400632509,-8.44857429326785,0,0.00150687724943359
"221",3.77502691880433,-46.0377127051756,-0.202687154468056,0.72531031560872,0.00240119160302321
"222",44.7362201968553,-3.5874257831705,24.0215626617935,Inf,0.984689060172665
"223",20.920620942869,-22.2883534886367,10.8218023655902,15.5835270627977,0.713961648654724
"224",29.9427741132042,-9.01554658579354,10.6681125804656,31.4589225911174,0.971726277410313
"225",28.2875148590065,-17.5025592582732,8.3848184024355,25.7039430609697,0.998476856157536
"226",13.2510674516659,-28.3340646110909,3.66290112148708,11.9550965634525,0.645236500132045
"227",10.7291047486393,-26.0104859848084,1.11693768084135,11.2073640975509,0.727023730532725
"228",7.38212829638377,-41.7876048174743,3.41042700388587,5.72890975803762,0.448054699659362
"229",8.93637186314465,-29.7130395315368,3.3303714313692,9.77638783494981,0.7378644713009
"230",13.4671984670645,-26.8510314299011,0.848103980052232,12.3369873354434,0.82344734928208
"231",-4.90719787252061,-51.3821278409608,-12.0592434591134,0,0.114752835030973
"232",32.1926201932768,-11.5365031874446,16.4870297435683,31.4589225911174,0.97169160509352
"233",0.629549325804767,-38.7168917959828,-7.10978172347847,3.2640128312741,0.46353878134025
"234",13.1205190144711,-25.4883813593146,0.568377045357177,11.2073640975509,0.596051729295448
"235",-6.38116719629885,-46.7317419620125,-6.68381899296626,0,0.0310843292246511
"236",39.7149176584912,-2.88629360311458,21.8050441688926,Inf,0.855932151357289
"237",31.1076059538089,-8.10223273213698,22.9141388103081,30.1118489431508,0.946340463036856
"238",28.2484568607861,-6.64642786875995,8.05252644534482,29.005844382066,0.960591599836852
"239",-7.33137223499645,-41.5164932956871,-8.97311870222587,0.72531031560872,0.492076189969496
"240",3.02873527280425,-29.7237850376433,-5.44574122200091,2.07148102006153,0.384937459005317
"241",0.0564550926774245,-41.4161875211864,-0.0649367723769198,4.42391406823615,0.480671178664965
"242",17.7340187440087,-20.6860323363245,7.58982886921903,16.4480461522737,0.710635556027487
"243",23.3696290662131,-22.3495384028373,5.54270196905269,19.6392744403246,0.876610670732211
"244",8.1470811130724,-28.5209981224162,-3.05572415536534,11.9550965634525,0.58817393816296
"245",29.1229705362554,-17.7319217222932,18.8835459369016,26.7861159267612,0.982959614028809
"246",-5.70061325300139,-52.9595145711294,-11.7740400621103,0.114605780763685,0.0102827407211961
"247",17.9571787808381,-26.9355063755338,7.44901958263464,16.8882002167613,0.810778169018473
"248",-4.82487848689888,-50.1173454445598,-3.57623538522878,0,0.0964283219746398
"249",37.7049055234643,-6.57179408695596,22.9541750202224,Inf,0.993745761306476
"250",-7.26707769636509,-50.5927599684965,-5.54017479490164,0,0.119982655238531
"251",-2.67480889151314,-42.788825862126,-9.52243938114578,0.612030896361093,0.127448567329995
"252",1.65847477696886,-43.3993824450583,-10.9499777187053,4.18018072480104,0.412309416151881
"253",-6.26268289419728,-48.7024936117428,-7.45919168878298,0,0.00327659479908877
"254",16.1228043351491,-20.7718462916673,4.34219265717322,16.0131529977732,0.816536191033842
"255",-5.53269662370339,-57.6772572627388,-5.82650909131886,0.114605780763685,0.000296883038644453
"256",-4.52649366832541,-44.5095366924517,-10.4713206894145,0,0.184709653657237
"257",28.4381688770859,-5.78322666901654,12.4030317252235,26.7861159267612,0.908761800445276
"258",-1.35122292406241,-44.1938221223161,-1.87019672592971,0.0308860351553358,0.0560928331210655
"259",18.0062591060266,-21.6588104501413,7.38255167767237,16.0131529977732,0.841603212125477
"260",-5.53539612183925,-50.7970853838914,-7.88009680498728,0,0.132218792350014
"261",7.42378896727657,-26.3363714758536,-0.838540527577864,10.1260429073501,0.555839714838136
"262",-4.29196086440137,-46.9297719475087,-8.54273367605529,0.506795107112065,0.0324991820757906
"263",-2.97337466256169,-48.4298938935264,-4.00849961721213,0.114605780763685,0.0560718710948192
"264",23.0576024002446,-21.9175283051837,14.2018795654817,20.5981305074246,0.841355715273848
"265",26.3613621064267,-10.3983810578692,16.1998103792012,24.1180494502952,0.916265417861318
"266",-6.30265428709323,-40.6271401566682,-8.2496155280459,0.0308860351553358,0.0355668031327741
"267",6.19033397186391,-32.4654847114622,-2.50367940729769,9.09332912591162,0.633780871489591
"268",-8.75037042408093,-52.2904412568642,-5.29634769045909,0,0.0493608741212763
"269",-3.14439842987386,-42.2950283047143,-6.6074977005175,0,0.219049765706435
"270",-3.78442025482709,-55.6277371739738,-6.17779175133827,0,0.095100902965767
"271",30.8621765344414,3.10144731711368,12.4407691327403,31.4589225911174,0.945241097135171
"272",29.0759974387671,-10.3952161521857,14.0040037155994,23.5996513360988,0.788032787160171
"273",22.2708166222003,-18.2140918611095,4.28011728775061,18.2401671203401,0.787314557573967
"274",27.4846935996924,-9.41093493959379,15.062638035709,25.1704192043494,0.966411664816278
"275",-5.1224902644803,-49.4917634694539,-4.90527062036101,0,0.0927898374917452
"276",18.6894167929597,-24.1376739812376,2.48587419545823,19.1676764142408,0.814066679186789
"277",13.0242472945182,-24.8698341505731,5.14575062146644,9.09332912591162,0.424290921199461
"278",-8.44021475071737,-51.5899499729837,-8.25883960557216,0,0.00378273462428686
"279",28.5084145914883,-10.7364651139265,15.5247355318818,26.7861159267612,0.918206436262551
"280",13.9646742914535,-28.5490157247305,4.74425416675422,13.9178311832856,0.764487137000027
"281",10.7293520442622,-32.9070495974773,7.59308319078568,13.5146455002064,0.710551917265291
"282",4.06076669282377,-43.0593055750642,-3.01836191647568,3.04988364837497,0.582395335685254
"283",27.8169949497735,-12.4151056413382,11.2283363450066,26.7861159267612,0.911290912496783
"284",-1.6867150609611,-48.1370048881615,-7.24864739239228,0.0308860351553358,0.0942850035416637
"285",-2.23676447511642,-41.0352926689003,0.293567655547448,0.0308860351553358,0.0786207561704088
"286",32.2785729437046,-3.15655068350053,16.1605695680459,27.3358441284005,0.989169451108893
"287",-3.64904182178199,-41.7103577071056,-8.50474091776267,0,0.00762659241393941
"288",-5.52900213916069,-52.2281572863245,-3.49444454607767,0,0.00544482533632663
"289",-3.07428546197421,-51.5571162678983,-11.9647087010645,0.00819468472626163,0.000445485120965401
"290",-2.75855417196893,-49.1697389465348,-4.44425583136437,0,0.0361572980220634
"291",-1.42089588783568,-48.5950039090729,-9.56674665647305,4.91666704344628e-06,0.0817922608361501
"292",-2.86895095765004,-45.0120577190409,-6.34275381492637,0,0.00673195590953112
"293",21.5893909256068,-11.0889201935848,8.02191103527565,19.1676764142408,0.773849566117723
"294",21.3921207269169,-13.598930182879,8.20155648934708,21.0853865387432,0.965104340157535
"295",-5.92191969908977,-54.5629084382458,-8.41502054571016,0,0.102329974726978
"296",-2.5177991042014,-46.6248999198533,-11.1278559502177,0,0.0485438001577497
"297",-1.72045683541158,-51.5165916593109,-2.34436214585014,0,0.00680632172933124
"298",1.53307342372678,-52.3020387474356,0.149055271470843,2.44413296536565,0.470812195123672
"299",21.8266664564789,-13.6875022150284,11.2779496527872,22.0755030178859,0.907160237552257
"300",18.1263091974413,-26.1928033410622,5.85835144396285,16.4480461522737,0.880265680965035
"301",12.4648422111852,-20.2056725127674,8.5010761266872,15.1591749219779,0.616552835151037
"302",-5.97683382304337,-50.2739710624163,-10.7039734862053,0,0.0149851853151513
"303",-0.978056591337648,-52.3069161610037,-7.30559975359471,0,0.00252997698108287
"304",1.49677545569519,-42.3398710889786,-4.10853166907516,3.04988364837497,0.434467161029902
"305",28.7183112237113,-10.0833174207765,13.6628397750205,25.1704192043494,0.987232401826035
"306",-2.45701419364913,-43.1261717741699,-6.02767129577342,0,0.0689166408517942
"307",7.45992918487168,-27.4681904772141,2.24130196600267,13.5146455002064,0.671473331678551
"308",1.04282434019775,-36.0498600004124,-5.25624276479641,5.72890975803762,0.530138189883332
"309",10.0319580811215,-25.1434592772877,6.4769218564617,8.432028776804,0.667195538439643
"310",-6.4000119181938,-51.7973902767417,-8.4242732241052,0,0.0135908095809092
"311",15.5196747985619,-32.4499845885696,7.91375135326652,14.3263197298551,0.894514895078992
"312",8.57748647503733,-31.1582995012605,0.601628709252607,11.2073640975509,0.636540903027777
"313",3.79285856396275,-38.2564099917113,-6.66571556396586,5.18977200439647,0.540033424644339
"314",0.493807109251286,-44.9028750791685,-6.13848380436602,1.56087879184431,0.445034522310761
"315",-8.07129965550801,-42.7228982688351,-13.1106378694701,0,0.154878374603487
"316",-2.48438933439573,-48.0003875372634,-4.67558093771351,0.72531031560872,0.201985830160336
"317",1.66783649166678,-39.7984670114257,-1.95560393589398,3.94228292162917,0.53438421960242
"318",5.57617839318932,-27.6920920468469,-1.61760807634115,10.8415425815422,0.764098439052519
"319",-0.787808463741719,-44.0571608186064,-4.77043839623521,0.72531031560872,0.300726549457151
"320",1.88108114558653,-42.1488276278039,-4.71700481319154,4.42391406823615,0.549526131689074
"321",4.61279365737981,-38.0063791707037,-6.83441382682227,5.18977200439647,0.479545835132916
"322",-3.38680379411316,-43.2143752800301,-7.04060955427512,3.94228292162917,0.335420483421533
"323",17.3147614667465,-29.4559108087035,8.82310114836027,19.6392744403246,0.591277910226458
"324",25.0685146201472,-12.6519220259682,13.7397959555973,26.2429062434329,0.940779558882286
"325",13.8211472976473,-20.1596492132822,5.67686746221854,16.0131529977732,0.725319266232925
"326",-2.13657891205588,-47.5428582362274,-6.64279605557138,0,0.152002603670059
"327",10.1909404150812,-28.5852899111432,6.16828957937678,14.3263197298551,0.828836597513982
"328",42.1094341265041,2.14164070489977,20.5287508472968,Inf,0.936689039262191
"329",14.7657304458313,-29.3076791011956,1.7846914847168,12.7242150605859,0.755060264254965
"330",30.6876326866749,-5.34159819452962,16.2316867731492,28.4575404386246,0.999941419103499
"331",25.8217501446074,-11.4147947269373,9.2264432762842,29.005844382066,0.982773308939473
"332",-4.89193043194987,-43.0799009850942,-11.2359381448296,1.11086017839744,0.319205059219837
"333",31.8619018616992,-11.179808624756,13.4111959102585,25.1704192043494,0.969277726954953
"334",13.6264259682757,-23.0608745294644,3.75840994511317,15.5835270627977,0.666790876262809
"335",-4.11380404775503,-44.4390021679448,-8.29427418759553,2.44413296536565,0.351284187743897
"336",-1.42049559608915,-45.4731610083505,6.18742808325204,0.506795107112065,0.141907180562725
"337",30.199295054872,-13.0529869017913,24.2579735257384,29.5685120386058,0.864481271686538
"338",31.9145677410689,-7.25071659374149,11.8057313562688,24.1180494502952,0.956545600078602
"339",-2.25225341455097,-51.8567852750697,-5.39331979499918,0,0.0470458723944695
"340",-5.78492045372712,-58.0801130552553,-14.3478154631068,0,0.127716613719566
"341",5.49173685538859,-32.4798913420444,3.30228434846352,8.75995208753977,0.443684511199559
"342",-3.5266446559733,-46.0673595692358,-11.6301925536262,1.11086017839744,0.445793262261673
"343",-7.74118829234467,-47.4530547657118,-9.58874859859986,0,0.155663257284551
"344",-6.57099254816834,-48.7652327574575,-6.04514575403202,0,0.243196581338383
"345",-5.43346114097908,-42.5413197311261,-9.88709006802693,0,0.0213696733279942
"346",-4.41589142375656,-46.2287839933855,-4.63655041379212,0,0.103555356919377
"347",16.4969137425857,-27.491655374798,-1.711799632116,15.5835270627977,0.764344164736846
"348",2.80267991200555,-44.4284030213104,-1.17198647745206,2.07148102006153,0.29405351740964
"349",28.8880958572647,-12.8537710862272,12.574254665084,24.6416501816508,0.9761382070911
"350",-3.54305198287147,-38.0642140095442,-8.92261451020759,0,0.102028853863166
"351",29.7198864766479,-6.09273216936606,15.0523974627364,27.8902024345993,0.921119892482368
"352",16.9727148245844,-24.2502216917795,6.48806457374195,16.8882002167613,0.856901706831931
"353",-6.31877225240079,-50.0793518658353,-12.0258318386028,4.91666704344628e-06,0.00528194967780138
"354",4.39058888002666,-39.4039774096596,-0.693343284027393,4.42391406823615,0.37626258842372
"355",29.7111115727566,-9.54223234944511,10.7055278475381,30.7851934964145,0.927712717832965
"356",-1.29076711522807,-47.8600912380524,-5.93186774952327,0,0.00315204907606471
"357",-5.44276268020719,-51.3996436937864,-4.71334023767509,0,0.147105394916759
"358",0.253633027693837,-35.2302379926317,-7.75006697052942,4.67344620440684,0.249811525017472
"359",-3.11309056435579,-37.5476911480414,-10.926565599127,2.63988288346137,0.254713457878659
"360",5.61529469177437,-29.0429928786703,2.94948555630727,9.43214558211854,0.556862686400968
"361",-1.56942715316465,-44.8715266803489,-8.17949492197993,0.00819468472626163,0.000737868068267286
"362",26.0472764268953,-16.5019136186674,17.2248318278757,20.5981305074246,0.820622860766542
"363",0.186440524936828,-41.0906771460574,-5.1544314943839,0.846360595750931,0.204338072619632
"364",40.6333587331869,2.69913001367878,26.5989045798769,Inf,0.991687558816394
"365",-2.5543859590471,-46.8157234133356,-2.32522023776257,1.89473811309875,0.429235083996338
"366",-7.36236768948931,-46.6038791564937,-8.85655927813556,0,0.107162503368077
"367",24.6570932269593,-19.0882457145219,12.7515197661506,20.5981305074246,0.820840526910071
"368",23.1876534979997,-16.3110005159631,10.1326618871506,23.5996513360988,0.80554422383952
"369",-3.1766062729453,-45.117433086547,-3.95239942436281,0.409920551378135,0.168793458149685
"370",-1.82700186306849,-45.3895179204923,-4.44002788915545,0.114605780763685,0.00738539684553726
"371",11.1228650801273,-35.037481913921,0.184473465082488,10.8415425815422,0.500585987031409
"372",8.46506827585235,-29.4427380253813,-4.14385760145173,8.1095742407201,0.60691788070728
"373",6.65763965844839,-33.7482287552245,0.00501311692258544,6.87477369387412,0.527548561691111
"374",0.377087705529213,-41.2252581421888,-1.94880149707266,4.92874285820236,0.466837776632915
"375",0.148553445402634,-41.4193892458026,-9.28063197575827,2.2546404031774,0.293933771020562
"376",5.01194403273106,-40.0435240776515,2.56886636464496,5.45650366997715,0.575944301742526
"377",10.6617602404825,-26.9283355060235,2.67413433861856,11.5785521944961,0.614940066769497
"378",-4.50928107118386,-47.360866660012,-6.01745314997446,0,0.294810228739941
"379",22.0550202576406,-15.3324177966304,13.4044783964197,19.6392744403246,0.784515196445027
"380",-4.30892871192182,-51.3935603893662,-6.4706902060273,0.321779830544484,0.242224257171704
"381",22.3593944132012,-13.519103807207,10.4379473951357,26.7861159267612,0.947547425120432
"382",26.5433487823649,-9.62359519066058,10.4785059662818,26.7861159267612,0.993478150993946
"383",-0.281827538762847,-49.2604492254189,9.44453449978112,0.066752896920392,0.256077351000585
"384",-5.33725420277548,-52.3506922111676,-8.74942712781434,0.066752896920392,0.163061338330975
"385",-4.27701326825506,-48.9919238744584,-5.95607515865059,0.846360595750931,0.347995743417961
"386",-10.2570024837866,-50.4516474171513,-19.048312975785,0,0.00206946211259138
"387",-3.97528733845807,-45.7616915170604,-3.96245864762098,0,0.00204563627657366
"388",0.322762511821189,-44.8163050040368,0.857023585194353,0.242813383263338,0.175839035696989
"389",17.4070339975613,-25.4131588149315,11.3125246410783,13.5146455002064,0.580219640657109
"390",19.4286914426202,-29.704623943034,9.19377564626988,16.8882002167613,0.851979756924997
"391",8.60891391535286,-23.3924280563037,3.15766188676034,13.9178311832856,0.732384580575666
"392",-5.09812342488723,-41.7836540757985,-10.8946388937834,0,0.327152364529504
"393",5.18283289049014,-35.1961311699344,3.3980968553857,7.79260431645197,0.589616672632649
"394",0.370960375470702,-42.7052973563858,-2.75184297041448,1.40397683823761,0.411896844768898
"395",-4.02406673004521,-50.1841341638703,-8.96099260795096,0,0.0979063959770115
"396",30.3310148430357,-8.57137687485643,16.7592122801108,26.2429062434329,0.922040009690653
"397",-1.43298383429428,-48.8384715372138,-10.1969470665982,0.00819468472626163,0.222661467036837
"398",10.1276028782187,-29.2192700123688,0.327630073000076,10.1260429073501,0.574961735403226
"399",37.8917512204423,-4.55997077606972,13.6110277357384,32.1330215767066,0.999307554468491
"400",25.8556436975946,-19.3851115909911,11.6990077024182,19.6392744403246,0.897254366548284
"401",10.9396738194627,-24.919466451683,-2.43088145180919,12.3369873354434,0.490365120627575
"402",-7.48620529911765,-45.4718887700399,-8.13780821753728,0,0.205171360199171
"403",19.5596838040242,-19.7452292430258,7.73956609210958,18.7013056757661,0.91266165924032
"404",-3.64160069117894,-42.0620441694743,-13.4599821687728,0.612030896361093,0.201417246431719
"405",11.5308794731251,-38.4848629265727,4.03179343589605,7.17518595582327,0.512778589268331
"406",11.3290305235554,-21.1551300645944,7.38518794803335,15.1591749219779,0.833598842106204
"407",-9.35664295462147,-49.6118222000483,-6.73175481260636,0,0.155251380413366
"408",4.42784899154446,-38.9157977459987,-2.4670387266199,6.29064126696229,0.638641886235867
"409",13.3938895226114,-21.1259304298943,3.04054379876546,16.8882002167613,0.787857253321251
"410",-2.00001771868634,-44.7105933407127,-6.01062410505672,4.91666704344628e-06,0.0345667026798195
"411",30.0798682873934,-7.62739128096619,12.2688612273413,30.7851934964145,0.995640799920699
"412",25.2977106253828,-15.5874513348387,9.38868506871505,24.1180494502952,0.804651444623051
"413",21.6823160440966,-19.4910017689769,15.3892934908564,22.0755030178859,0.796496315938044
"414",-6.72025973516366,-46.5323303148583,-7.81476584394713,0.321779830544484,0.362994292468914
"415",-3.55110761895966,-49.0405562707289,-6.92433561675799,4.91666704344628e-06,0.20811762903963
"416",-1.93036339350992,-41.6268421184653,-6.94585770316297,0,0.108908021193425
"417",29.4440792354326,-13.7971306766511,13.9109356627385,29.005844382066,0.99946996221932
"418",41.5492648076785,-5.91431127332292,16.0491622643798,Inf,0.956009442896841
"419",0.155161864118249,-35.9195872918831,-3.41098576641773,2.63988288346137,0.246402860560173
"420",-10.2755854057159,-45.1532972000275,-12.3368988767436,0,0.0942060624159743
"421",31.4295879873112,-13.4564907783311,14.6950740732497,29.5685120386058,0.958831656173974
"422",-2.73348377589427,-42.2070401717895,-6.48070013299349,0.00819468472626163,0.00454932362008559
"423",-7.2743435830949,-50.1517252815819,-7.39709625321604,0,0.22229360267041
"424",0.665163409439444,-43.0136061228381,-4.39427276831039,1.72450350480433,0.235784469706232
"425",-0.290416179943435,-41.0269442241495,-2.93876331586203,1.56087879184431,0.205236080883474
"426",21.4833042877776,-26.2915789423365,3.6861431913643,19.6392744403246,0.760508920544375
"427",-0.385355088501107,-31.0527515724407,-3.93747155237423,4.18018072480104,0.41411235207224
"428",14.0240971600291,-23.0408675128536,3.02248514656407,16.8882002167613,0.768080831414126
"429",17.6940176081325,-21.0989079129963,4.77106060255132,16.8882002167613,0.918971240222042
"430",7.93739274217977,-37.2819676728835,1.27346023729256,8.432028776804,0.507697819880792
"431",-2.56991009980644,-50.0371213643737,-10.442312708379,0,0.165586645240823
"432",14.0447603975568,-37.8056178616922,1.9165020647374,10.8415425815422,0.481424351246799
"433",-5.89860860871598,-44.6854046552944,-8.11477761659527,0,0.138944688723163
"434",8.60368969835169,-38.3087537262495,-3.12659494339548,8.75995208753977,0.694829692674612
"435",5.4176706200638,-33.5271353796104,-4.10589750198439,7.17518595582327,0.476666520004071
"436",17.8718142036136,-22.0870688596599,13.2666868253185,14.3263197298551,0.807276224981273
"437",-4.33409380257168,-49.7389826090991,-4.33380206430863,0.409920551378135,0.272222218317274
"438",21.9645286156819,-18.8301522549831,7.82893880957043,18.2401671203401,0.846750393676833
"439",22.109408155369,-19.4087333726805,4.37584940999416,22.5783683784868,0.982431951828077
"440",30.3716852597158,-9.53694848287861,16.7847303880697,29.5685120386058,0.99310758217651
"441",5.42889997942197,-29.9536675773338,-6.61790890982375,9.77638783494981,0.564858284556811
"442",24.1509230744809,-19.1825245209668,8.54584700090975,23.0864088819418,0.936837536324622
"443",-3.90859125382101,-46.053459868784,-8.97786776092675,1.25392357402708,0.30229145266047
"444",-7.32513515128927,-52.4484463216907,-11.3557440465999,0,0.233394772907666
"445",34.5275671791833,-1.2432097245349,14.0767848514915,Inf,0.978393320376886
"446",16.8540502584098,-26.8112066359443,9.99260091223916,13.1167706760445,0.666541730514075
"447",10.1556887063511,-29.1223880685978,0.229207875384373,8.432028776804,0.752808881461174
"448",-4.89644981228854,-46.7614911597453,-6.04246748382818,0.114605780763685,0.189365180790311
"449",-4.78652030785191,-56.0605461042151,-2.53490908605055,0.72531031560872,0.0921464293511157
"450",-8.8090449109789,-43.0842113945573,-5.15446616855216,0,0.198782673747305
"451",-5.30148841351275,-50.08114923909,-3.72178495805102,0,0.202848102810172
"452",-5.66275688687956,-47.3241088395974,-9.07419626449149,0,0.0723436390830475
"453",-8.52072980980363,-54.0217218720269,-13.1537193760871,0,0.0868114809024915
"454",-7.7732018482488,-52.7402279435151,-6.69947916536327,0,0.119936144512611
"455",30.8219367715747,-11.8146903954154,11.677351216716,32.1330215767066,0.979994165162874
"456",-1.65584618235096,-43.0782335873632,-10.6519243929964,0.114605780763685,0.336239812886774
"457",9.22059581743299,-30.3099121483859,1.65409375075498,13.5146455002064,0.676039506285112
"458",-5.72362691668733,-47.8178213668761,-6.21625105130439,0,0.0644769013956453
"459",36.6740536439678,1.13908947747299,16.7835845054336,Inf,0.993357419247451
"460",22.6965495653184,-20.4864374096404,9.96568694428536,22.5783683784868,0.857938903356003
"461",5.63722492257446,-37.5930155679254,-0.31350484751509,6.00696389045377,0.466155393033183
"462",-1.2001832246279,-40.3430670735676,-14.0767188764471,3.04988364837497,0.274014659150283
"463",20.1962653280746,-26.9007474417092,10.8838891429768,16.4480461522737,0.677011709796434
"464",-3.73628314867688,-44.1779853207949,-6.60441139790077,0,0.0996932961349293
"465",-1.65656263759442,-45.9446161255501,-3.17253664476856,2.63988288346137,0.391361840688602
"466",24.3483604967117,-13.681506444933,7.5495401607064,24.1180494502952,0.815894095673866
"467",2.5784994169627,-39.1891147197412,-9.33030301637217,5.18977200439647,0.40580994883377
"468",33.054182138524,-9.22838175010645,12.4922672021516,30.7851934964145,0.976191286995187
"469",-5.62680587182841,-42.7251226644152,-4.63018879495018,0,0.0108158183339365
"470",3.90850883594106,-43.1500174483566,8.64824559875789,2.63988288346137,0.420084167907336
"471",8.79824441392758,-35.4155829505147,3.35497417397517,7.48113568925899,0.618334642212794
"472",9.26737921805952,-35.5663878447507,3.66207661563738,9.09332912591162,0.583346481821208
"473",-0.638959642968771,-47.5127427926346,-3.03740504710534,0,0.0767431885800681
"474",22.1204463760545,-16.4427930193573,9.85573353373027,19.6392744403246,0.871280455014463
"475",-5.39029128048384,-52.2901871913905,0.112163384588113,0,0.0132198706228172
"476",32.143477521983,-11.4243351010596,21.285743991991,26.7861159267612,0.892380848128565
"477",29.7013953847317,-13.6978398887814,16.4007309920646,30.1118489431508,0.980171017953842
"478",0.551097553240666,-36.5623456425823,-2.25798922099664,3.94228292162917,0.372175341042908
"479",-6.55552658221243,-44.5509039719723,-9.74571373659472,0,0.0521286514418877
"480",-1.66094147009298,-52.9483715665703,-4.37489746457228,0.173545700506605,0.0697026594418237
"481",21.8332476994868,-13.3021314023603,11.9145264439046,20.1160943283512,0.918302230062303
"482",29.1109353242353,-11.1011468739152,12.2405463804851,25.7039430609697,0.707860427469194
"483",1.04584596110625,-43.7716396494211,-1.08062886844818,0.409920551378135,0.228644855897812
"484",4.82203569830342,-30.8943310230196,-1.6358558065529,8.75995208753977,0.576914525169931
"485",-5.91409202469082,-45.0101592971289,-5.3268501904009,0,0.131704491881107
"486",5.72845726409783,-34.3497263573798,0.947029622992318,10.4810984257277,0.51942146774763
"487",19.4198416133332,-25.4572716282669,6.2059367274506,20.1160943283512,0.888600652963867
"488",-7.04858686208422,-55.059470685625,-6.85917227022619,0,0.113566920337482
"489",-0.442210879062799,-35.2956626155468,-10.108912489255,0.612030896361093,0.278810806431823
"490",-7.97195552527632,-47.4726517160472,-11.15713203463,0.506795107112065,0.150060827963873
"491",-5.38862753858598,-54.537136947927,-11.9918758550796,0,0.0338056351192306
"492",-6.87655861643933,-45.7275335854591,-9.56150907003438,0.00819468472626163,0.254523994499547
"493",-2.11809275521681,-49.9002319295173,-6.38274448257278,0,0.000211956258407567
"494",0.386278927483183,-41.5206112027437,-7.87443559475842,3.2640128312741,0.562799821364361
"495",-3.88773605451355,-51.5451039994196,-4.20316495995555,0,0.0453029873338185
"496",5.53289814456152,-37.3658514647089,-0.329636930337908,6.00696389045377,0.532651124026961
"497",11.216363871,-29.8298607401658,7.2588682490092,8.432028776804,0.550246327313202
"498",6.12282153143693,-33.0088233405889,0.10710734833436,9.09332912591162,0.543970593672221
"499",21.2921226874772,-20.3831911434548,10.2282912845309,21.5778476455873,0.891221007521243
"500",9.06831906004072,-34.0103760224354,0.570316646990166,9.43214558211854,0.671768133716127
